W =

    0.3254    0.3254    0.2603         0         0
    0.3523    0.3523    0.2818         0    0.3523
    0.3882    0.3882    0.3105    0.5176    0.3882
    0.2985         0    0.2388         0         0
         0    0.2769         0         0         0
         0         0    0.2675    0.4458    0.3343
         0         0         0    0.3812         0
         0         0         0         0    0.2769


U =

   -0.3166   -0.4624    0.3428   -0.0051    0.3102
   -0.4665   -0.3859   -0.4209    0.0310   -0.0290
   -0.6922    0.1671    0.1532    0.1826   -0.4080
   -0.1891   -0.2433    0.2129   -0.6969   -0.0804
   -0.0940   -0.1677    0.0942    0.6423    0.3386
   -0.3631    0.5688   -0.1829   -0.2339    0.6756
   -0.1312    0.4363    0.4544    0.1094   -0.2769
   -0.0972    0.0902   -0.6226    0.0286   -0.2868


S =

    1.2869         0         0         0         0
         0    0.6651         0         0         0
         0         0    0.3787         0         0
         0         0         0    0.3335         0
         0         0         0         0    0.1461


V =

   -0.4604   -0.4423    0.2277   -0.3833   -0.6274
   -0.4368   -0.4029    0.1288    0.7736    0.1786
   -0.4438   -0.1251    0.0530   -0.4943    0.7351
   -0.4430    0.7613    0.4514    0.0957   -0.1061
   -0.4517    0.2166   -0.8514    0.0345   -0.1513


scaled_documents =

   -0.5925   -0.5620   -0.5711   -0.5701   -0.5813
   -0.2942   -0.2680   -0.0832    0.5063    0.1440


norm_documents =

    0.6615    0.6227    0.5771    0.7625    0.5989


cosine_similarity =

    1.0000    0.9999    0.9504    0.3744    0.7624
    0.9999    1.0000    0.9553    0.3891    0.7726
    0.9504    0.9553    1.0000    0.6441    0.9258
    0.3744    0.3891    0.6441    1.0000    0.8854
    0.7624    0.7726    0.9258    0.8854    1.0000
