W =

    0.0793    0.0793    0.0635         0         0
    0.0347    0.0347    0.0277         0    0.0347
         0         0         0         0         0
    0.1423         0    0.1139         0         0
         0    0.2500         0         0         0
         0         0    0.0635    0.1058    0.0793
         0         0         0    0.3333         0
         0         0         0         0    0.2500


U =

   -0.0226    0.3731    0.1431    0.3335   -0.0712
   -0.0258    0.2145   -0.0553    0.1223   -0.0704
   -0.0000    0.0000   -0.0000   -0.0000   -0.0000
   -0.0344    0.2322    0.0181    0.8217   -0.1468
   -0.0109    0.7675    0.4189   -0.3924    0.0334
   -0.3459    0.1323   -0.2170    0.1131    0.8961
   -0.9299   -0.1277    0.1781   -0.0585   -0.2896
   -0.1148    0.3716   -0.8496   -0.1688   -0.2836


S =

    0.3525         0         0         0         0
         0    0.2731         0         0         0
         0         0    0.2610         0         0
         0         0         0    0.2072         0
         0         0         0         0    0.0445


V =

   -0.0215    0.2567    0.0460    0.7125   -0.6510
   -0.0154    0.8383    0.4373   -0.3253    0.0060
   -0.0795    0.2361   -0.0159    0.6047    0.7564
   -0.9833   -0.1046    0.1394   -0.0364   -0.0387
   -0.1618    0.4059   -0.8871   -0.1400   -0.0505


scaled_documents =

   -0.0076   -0.0054   -0.0280   -0.3466   -0.0570
    0.0701    0.2289    0.0645   -0.0286    0.1108


norm_documents =

    0.0705    0.2290    0.0703    0.3477    0.1246


cosine_similarity =

    1.0000    0.9965    0.9547    0.0255    0.9332
    0.9965    1.0000    0.9263   -0.0586    0.8997
    0.9547    0.9263    1.0000    0.3219    0.9979
    0.0255   -0.0586    0.3219    1.0000    0.3830
    0.9332    0.8997    0.9979    0.3830    1.0000
