B_eigvec =

   -0.1891   -0.5334    0.3138   -0.6174   -0.4472
   -0.6833    0.5763   -0.0194    0.0255   -0.4472
    0.5496    0.3165    0.6020    0.1881   -0.4472
    0.4290    0.1509   -0.7099   -0.2987   -0.4472
   -0.1061   -0.5103   -0.1865    0.7025   -0.4472


B_eigval =

  759.0904         0         0         0         0
         0  281.3270         0         0         0
         0         0   97.0908         0         0
         0         0         0   63.8918         0
         0         0         0         0   -0.0000


coordinates =

   -5.2106   -8.9472
  -18.8261    9.6654
   15.1423    5.3092
   11.8186    2.5316
   -2.9242   -8.5591


D_recomputed =

         0   23.0610   24.8493   20.5366    2.3191
   23.0610         0   34.2466   31.4641   24.1868
   24.8493   34.2466         0    4.3316   22.7756
   20.5366   31.4641    4.3316         0   18.4486
    2.3191   24.1868   22.7756   18.4486         0
